0 0.000165
1 0.000328
2 0.000491
3 0.000653
4 0.000818
5 0.000982
6 0.001146
7 0.001309
8 0.001471
9 0.001633
10 0.001796
11 0.001959
12 0.002122
13 0.002284
14 0.002446
15 0.002607
16 0.002770
17 0.002932
18 0.003094
19 0.003256
20 0.003416
21 0.003578
22 0.003739
23 0.003901
24 0.004062
25 0.004223
26 0.004384
27 0.004544
28 0.004705
29 0.004866
30 0.005027
31 0.005187
32 0.005347
33 0.005507
34 0.005668
35 0.005828
36 0.005988
37 0.006148
38 0.006308
39 0.006468
40 0.006627
41 0.006787
42 0.006947
43 0.007106
44 0.007266
45 0.007425
46 0.007584
47 0.007744
48 0.007903
49 0.008062
50 0.008221
51 0.008380
52 0.008539
53 0.008698
54 0.008856
55 0.009015
56 0.009173
57 0.009332
58 0.009490
59 0.009649
60 0.009807
61 0.009965
62 0.010124
63 0.010281
64 0.010439
65 0.010596
66 0.010753
67 0.010908
68 0.011061
69 0.011212
70 0.011359
71 0.011501
72 0.011637
73 0.011766
74 0.011889
75 0.012005
76 0.012116
77 0.012222
78 0.012327
79 0.012432
80 0.012538
81 0.012646
82 0.012757
83 0.012870
84 0.012985
85 0.013100
86 0.013216
87 0.013333
88 0.013451
89 0.013571
90 0.013691
91 0.013814
92 0.013938
93 0.014063
94 0.014189
95 0.014317
96 0.014445
97 0.014575
98 0.014706
99 0.014839
100 0.014972
101 0.015107
102 0.015243
103 0.015380
104 0.015518
105 0.015657
106 0.015798
107 0.015939
108 0.016082
109 0.016226
110 0.016371
111 0.016518
112 0.016665
113 0.016813
114 0.016963
115 0.017113
116 0.017264
117 0.017416
118 0.017569
119 0.017722
120 0.017876
121 0.018030
122 0.018185
123 0.018340
124 0.018496
125 0.018651
126 0.018807
127 0.018964
128 0.019120
129 0.019277
130 0.019434
131 0.019591
132 0.019748
133 0.019905
134 0.020062
135 0.020220
136 0.020377
137 0.020535
138 0.020692
139 0.020850
140 0.021007
141 0.021164
142 0.021321
143 0.021479
144 0.021636
145 0.021792
146 0.021949
147 0.022105
148 0.022262
149 0.022418
150 0.022574
151 0.022730
152 0.022885
153 0.023040
154 0.023195
155 0.023350
156 0.023505
157 0.023659
158 0.023813
159 0.023967
160 0.024120
161 0.024274
162 0.024427
163 0.024580
164 0.024732
165 0.024884
166 0.025036
167 0.025188
168 0.025340
169 0.025491
170 0.025642
171 0.025793
172 0.025944
173 0.026094
174 0.026244
175 0.026394
176 0.026543
177 0.026693
178 0.026842
179 0.026991
180 0.027140
181 0.027288
182 0.027436
183 0.027585
184 0.027732
185 0.027880
186 0.028028
187 0.028175
188 0.028322
189 0.028470
190 0.028617
191 0.028764
192 0.028911
193 0.029057
194 0.029204
195 0.029351
196 0.029498
197 0.029644
198 0.029791
199 0.029938
200 0.030084
201 0.030231
202 0.030377
203 0.030524
204 0.030671
205 0.030818
206 0.030965
207 0.031112
208 0.031259
209 0.031406
210 0.031553
211 0.031700
212 0.031848
213 0.031995
214 0.032143
215 0.032291
216 0.032439
217 0.032587
218 0.032735
219 0.032883
220 0.033031
221 0.033180
222 0.033328
223 0.033477
224 0.033626
225 0.033775
226 0.033924
227 0.034073
228 0.034222
229 0.034371
230 0.034520
231 0.034669
232 0.034818
233 0.034968
234 0.035117
235 0.035266
236 0.035415
237 0.035565
238 0.035714
239 0.035863
240 0.036012
241 0.036162
242 0.036311
243 0.036460
244 0.036609
245 0.036758
246 0.036907
247 0.037056
248 0.037205
249 0.037354
250 0.037503
251 0.037652
252 0.037800
253 0.037949
254 0.038097
255 0.038246
256 0.038394
257 0.038542
258 0.038690
259 0.038839
260 0.038986
261 0.039134
262 0.039282
263 0.039429
264 0.039577
265 0.039724
266 0.039871
267 0.040019
268 0.040165
269 0.040312
270 0.040459
271 0.040606
272 0.040752
273 0.040898
274 0.041044
275 0.041190
276 0.041336
277 0.041482
278 0.041628
279 0.041773
280 0.041919
281 0.042064
282 0.042209
283 0.042354
284 0.042499
285 0.042644
286 0.042788
287 0.042933
288 0.043077
289 0.043221
290 0.043366
291 0.043510
292 0.043654
293 0.043797
294 0.043941
295 0.044085
296 0.044228
297 0.044372
298 0.044515
299 0.044659
300 0.044802
301 0.044945
302 0.045088
303 0.045231
304 0.045375
305 0.045518
306 0.045661
307 0.045804
308 0.045947
309 0.046089
310 0.046232
311 0.046375
312 0.046518
313 0.046661
314 0.046804
315 0.046947
316 0.047090
317 0.047233
318 0.047376
319 0.047519
320 0.047661
321 0.047804
322 0.047947
323 0.048090
324 0.048233
325 0.048377
326 0.048520
327 0.048663
328 0.048806
329 0.048949
330 0.049092
331 0.049235
332 0.049378
333 0.049521
334 0.049665
335 0.049808
336 0.049951
337 0.050094
338 0.050237
339 0.050380
340 0.050523
341 0.050666
342 0.050809
343 0.050952
344 0.051095
345 0.051238
346 0.051381
347 0.051524
348 0.051667
349 0.051810
350 0.051952
351 0.052095
352 0.052238
353 0.052381
354 0.052523
355 0.052666
356 0.052808
357 0.052951
358 0.053093
359 0.053235
360 0.053377
361 0.053520
362 0.053662
363 0.053804
364 0.053946
365 0.054088
366 0.054229
367 0.054371
368 0.054512
369 0.054654
370 0.054795
371 0.054936
372 0.055077
373 0.055217
374 0.055358
375 0.055497
376 0.055637
377 0.055776
378 0.055914
379 0.056051
380 0.056188
381 0.056324
382 0.056458
383 0.056592
384 0.056723
385 0.056854
386 0.056983
387 0.057110
388 0.057235
389 0.057358
390 0.057479
391 0.057599
392 0.057717
393 0.057833
394 0.057947
395 0.058060
396 0.058172
397 0.058283
398 0.058394
399 0.058503
400 0.058613
401 0.058722
402 0.058830
403 0.058939
404 0.059047
405 0.059155
406 0.059263
407 0.059371
408 0.059478
409 0.059586
410 0.059693
411 0.059800
412 0.059907
413 0.060014
414 0.060121
415 0.060229
416 0.060337
417 0.060446
418 0.060556
419 0.060667
420 0.060778
421 0.060891
422 0.061005
423 0.061120
424 0.061235
425 0.061352
426 0.061470
427 0.061589
428 0.061710
429 0.061831
430 0.061953
431 0.062077
432 0.062201
433 0.062327
434 0.062453
435 0.062580
436 0.062709
437 0.062838
438 0.062968
439 0.063098
440 0.063230
441 0.063362
442 0.063495
443 0.063628
444 0.063762
445 0.063896
446 0.064031
447 0.064166
448 0.064301
449 0.064437
450 0.064573
451 0.064710
452 0.064846
453 0.064983
454 0.065120
455 0.065257
456 0.065395
457 0.065532
458 0.065670
459 0.065807
460 0.065945
461 0.066082
462 0.066220
463 0.066358
464 0.066496
465 0.066633
466 0.066771
467 0.066908
468 0.067046
469 0.067183
470 0.067320
471 0.067456
472 0.067593
473 0.067729
474 0.067864
475 0.067999
476 0.068134
477 0.068268
478 0.068401
479 0.068533
480 0.068665
481 0.068795
482 0.068925
483 0.069053
484 0.069180
485 0.069306
486 0.069431
487 0.069554
488 0.069676
489 0.069797
490 0.069917
491 0.070035
492 0.070153
493 0.070269
494 0.070384
495 0.070498
496 0.070611
497 0.070722
498 0.070833
499 0.070943
500 0.071052
501 0.071160
502 0.071268
503 0.071375
504 0.071482
505 0.071588
506 0.071694
507 0.071800
508 0.071907
509 0.072013
510 0.072119
511 0.072226
512 0.072333
513 0.072441
514 0.072549
515 0.072657
516 0.072766
517 0.072875
518 0.072985
519 0.073095
520 0.073206
521 0.073317
522 0.073430
523 0.073542
524 0.073656
525 0.073770
526 0.073885
527 0.074001
528 0.074117
529 0.074235
530 0.074353
531 0.074473
532 0.074594
533 0.074715
534 0.074838
535 0.074962
536 0.075087
537 0.075213
538 0.075340
539 0.075468
540 0.075597
541 0.075727
542 0.075857
543 0.075988
544 0.076119
545 0.076251
546 0.076384
547 0.076517
548 0.076650
549 0.076784
550 0.076917
551 0.077051
552 0.077186
553 0.077320
554 0.077455
555 0.077589
556 0.077724
557 0.077859
558 0.077994
559 0.078129
560 0.078264
561 0.078398
562 0.078533
563 0.078667
564 0.078801
565 0.078934
566 0.079067
567 0.079199
568 0.079331
569 0.079462
570 0.079593
571 0.079723
572 0.079852
573 0.079981
574 0.080110
575 0.080238
576 0.080366
577 0.080493
578 0.080621
579 0.080748
580 0.080875
581 0.081002
582 0.081129
583 0.081256
584 0.081383
585 0.081510
586 0.081637
587 0.081764
588 0.081891
589 0.082019
590 0.082146
591 0.082274
592 0.082401
593 0.082529
594 0.082657
595 0.082785
596 0.082913
597 0.083041
598 0.083169
599 0.083296
600 0.083424
601 0.083552
602 0.083679
603 0.083806
604 0.083933
605 0.084060
606 0.084187
607 0.084313
608 0.084439
609 0.084564
610 0.084689
611 0.084813
612 0.084938
613 0.085061
614 0.085185
615 0.085308
616 0.085430
617 0.085552
618 0.085674
619 0.085795
620 0.085916
621 0.086037
622 0.086158
623 0.086278
624 0.086398
625 0.086518
626 0.086638
627 0.086758
628 0.086878
629 0.086998
630 0.087117
631 0.087237
632 0.087357
633 0.087477
634 0.087598
635 0.087718
636 0.087839
637 0.087960
638 0.088082
639 0.088203
640 0.088325
641 0.088448
642 0.088570
643 0.088694
644 0.088817
645 0.088941
646 0.089066
647 0.089190
648 0.089316
649 0.089441
650 0.089567
651 0.089694
652 0.089820
653 0.089947
654 0.090074
655 0.090202
656 0.090330
657 0.090458
658 0.090586
659 0.090714
660 0.090842
661 0.090970
662 0.091098
663 0.091226
664 0.091354
665 0.091482
666 0.091610
667 0.091737
668 0.091864
669 0.091991
670 0.092118
671 0.092244
672 0.092369
673 0.092495
674 0.092619
675 0.092744
676 0.092867
677 0.092991
678 0.093114
679 0.093236
680 0.093358
681 0.093479
682 0.093600
683 0.093721
684 0.093841
685 0.093960
686 0.094080
687 0.094198
688 0.094317
689 0.094435
690 0.094553
691 0.094671
692 0.094788
693 0.094905
694 0.095022
695 0.095139
696 0.095256
697 0.095372
698 0.095489
699 0.095605
700 0.095721
701 0.095838
702 0.095954
703 0.096071
704 0.096187
705 0.096304
706 0.096421
707 0.096538
708 0.096655
709 0.096772
710 0.096889
711 0.097007
712 0.097124
713 0.097242
714 0.097360
715 0.097479
716 0.097597
717 0.097716
718 0.097835
719 0.097954
720 0.098073
721 0.098193
722 0.098312
723 0.098432
724 0.098552
725 0.098672
726 0.098792
727 0.098913
728 0.099033
729 0.099153
730 0.099274
731 0.099394
732 0.099515
733 0.099635
734 0.099756
735 0.099876
736 0.099996
737 0.100116
738 0.100236
739 0.100356
740 0.100475
741 0.100594
742 0.100713
743 0.100832
744 0.100951
745 0.101069
746 0.101187
747 0.101304
748 0.101421
749 0.101538
750 0.101654
751 0.101771
752 0.101886
753 0.102002
754 0.102117
755 0.102231
756 0.102346
757 0.102460
758 0.102573
759 0.102687
760 0.102800
761 0.102913
762 0.103025
763 0.103138
764 0.103250
765 0.103362
766 0.103474
767 0.103586
768 0.103697
769 0.103809
770 0.103920
771 0.104031
772 0.104143
773 0.104254
774 0.104365
775 0.104476
776 0.104588
777 0.104699
778 0.104810
779 0.104922
780 0.105033
781 0.105145
782 0.105256
783 0.105368
784 0.105480
785 0.105592
786 0.105704
787 0.105816
788 0.105928
789 0.106041
790 0.106153
791 0.106266
792 0.106378
793 0.106491
794 0.106604
795 0.106717
796 0.106830
797 0.106943
798 0.107056
799 0.107170
800 0.107283
801 0.107397
802 0.107510
803 0.107624
804 0.107737
805 0.107851
806 0.107965
807 0.108079
808 0.108193
809 0.108306
810 0.108420
811 0.108534
812 0.108648
813 0.108762
814 0.108876
815 0.108990
816 0.109103
817 0.109217
818 0.109331
819 0.109444
820 0.109558
821 0.109671
822 0.109784
823 0.109897
824 0.110010
825 0.110123
826 0.110236
827 0.110348
828 0.110461
829 0.110573
830 0.110685
831 0.110796
832 0.110908
833 0.111019
834 0.111130
835 0.111241
836 0.111352
837 0.111462
838 0.111573
839 0.111683
840 0.111793
841 0.111903
842 0.112013
843 0.112123
844 0.112233
845 0.112342
846 0.112452
847 0.112561
848 0.112671
849 0.112780
850 0.112890
851 0.112999
852 0.113109
853 0.113218
854 0.113327
855 0.113437
856 0.113546
857 0.113656
858 0.113765
859 0.113874
860 0.113984
861 0.114093
862 0.114201
863 0.114310
864 0.114418
865 0.114527
866 0.114634
867 0.114742
868 0.114849
869 0.114956
870 0.115062
871 0.115168
872 0.115273
873 0.115378
874 0.115483
875 0.115587
876 0.115691
877 0.115794
878 0.115897
879 0.115999
880 0.116101
881 0.116202
882 0.116303
883 0.116403
884 0.116503
